STATIONS_ID;MESS_DATUM;QN_2;V_TE002M;V_TE005M;V_TE010M;V_TE020M;V_TE050M;eor
       3379;20161112;    3;  -999;   3.5;   4.5;   6.3;   8.5;eor
       3379;20161113;    3;  -999;   2.1;   3.1;   5.4;   8.1;eor
       3379;20161114;    3;  -999;   1.8;   2.7;   4.8;   7.7;eor
       3379;20161115;    3;  -999;   3.6;   3.9;   5.0;   7.3;eor
       3379;20161116;    3;  -999;   7.1;   6.7;   6.5;   7.4;eor
       3379;20161117;    3;  -999;   8.2;   8.2;   7.9;   8.0;eor
       3379;20161118;    3;  -999;   7.8;   7.7;   7.9;   8.4;eor
       3379;20161119;    3;  -999;   6.7;   7.3;   8.0;   8.7;eor
       3379;20161120;    3;  -999;   4.5;   5.2;   6.8;   8.5;eor
       3379;20161121;    3;  -999;   5.9;   5.8;   6.5;   8.1;eor
       3379;20161122;    3;  -999;   8.0;   8.0;   7.9;   8.3;eor
       3379;20161123;    3;  -999;   6.0;   6.4;   7.3;   8.5;eor
       3379;20161124;    3;  -999;   6.3;   6.6;   7.3;   8.4;eor
       3379;20161125;    3;  -999;   6.1;   6.4;   7.2;   8.4;eor
       3379;20161126;    3;  -999;   6.4;   6.6;   7.3;   8.3;eor
       3379;20161127;    3;  -999;   6.2;   6.6;   7.3;   8.3;eor
       3379;20161128;    3;  -999;   2.2;   3.5;   6.0;   8.2;eor
       3379;20161129;    3;  -999;   0.2;   1.5;   4.3;   7.4;eor
       3379;20161130;    3;  -999;  -0.4;   0.8;   3.3;   6.6;eor
       3379;20161201;    3;  -999;   1.0;   1.5;   3.2;   6.0;eor
       3379;20161202;    3;  -999;   2.4;   2.6;   3.6;   5.8;eor
       3379;20161203;    3;  -999;   1.7;   2.6;   4.0;   5.9;eor
       3379;20161204;    3;  -999;   0.6;   1.5;   3.4;   5.7;eor
       3379;20161205;    3;  -999;   0.8;   1.6;   3.1;   5.4;eor
       3379;20161206;    3;  -999;   0.6;   1.4;   3.0;   5.2;eor
       3379;20161207;    3;  -999;   0.4;   1.2;   2.8;   5.0;eor
       3379;20161208;    3;  -999;   0.6;   1.3;   2.7;   4.8;eor
       3379;20161209;    3;  -999;   0.4;   1.1;   2.6;   4.7;eor
       3379;20161210;    3;  -999;   1.0;   1.5;   2.7;   4.6;eor
       3379;20161211;    3;  -999;   1.0;   1.5;   2.7;   4.5;eor
       3379;20161212;    3;  -999;   2.8;   3.0;   3.3;   4.5;eor
       3379;20161213;    3;  -999;   1.0;   1.7;   3.1;   4.7;eor
       3379;20161214;    3;  -999;   3.1;   3.0;   3.3;   4.6;eor
       3379;20161215;    3;  -999;   2.7;   3.1;   3.8;   4.8;eor
       3379;20161216;    3;  -999;   2.3;   2.8;   3.7;   4.9;eor
       3379;20161217;    3;  -999;   1.6;   2.2;   3.4;   4.9;eor
       3379;20161218;    3;  -999;   2.0;   2.4;   3.3;   4.7;eor
       3379;20161219;    3;  -999;   1.9;   2.4;   3.4;   4.7;eor
       3379;20161220;    3;  -999;   1.2;   1.8;   3.1;   4.7;eor
       3379;20161221;    3;  -999;   1.0;   1.6;   2.8;   4.5;eor
       3379;20161222;    3;  -999;   1.2;   1.7;   2.8;   4.4;eor
       3379;20161223;    3;  -999;   1.9;   2.1;   2.8;   4.3;eor
       3379;20161224;    3;  -999;   3.8;   3.7;   3.7;   4.4;eor
       3379;20161225;    3;  -999;   4.7;   4.5;   4.4;   4.7;eor
       3379;20161226;    3;  -999;   5.7;   5.5;   5.1;   5.1;eor
       3379;20161227;    3;  -999;   2.5;   3.3;   4.5;   5.4;eor
       3379;20161228;    3;  -999;   2.6;   3.1;   4.0;   5.2;eor
       3379;20161229;    3;  -999;   1.0;   1.8;   3.3;   5.0;eor
       3379;20161230;    3;  -999;  -0.1;   0.9;   2.6;   4.6;eor
       3379;20161231;    3;  -999;  -0.3;   0.5;   2.1;   4.2;eor
       3379;20170101;    3;  -999;  -0.5;   0.3;   1.9;   3.9;eor
       3379;20170102;    3;  -999;  -0.8;   0.0;   1.6;   3.6;eor
       3379;20170103;    3;  -999;  -0.1;   0.2;   1.5;   3.4;eor
       3379;20170104;    3;  -999;  -0.1;   0.3;   1.5;   3.2;eor
       3379;20170105;    3;  -999;   0.0;   0.4;   1.5;   3.2;eor
       3379;20170106;    3;  -999;  -0.3;   0.3;   1.5;   3.1;eor
       3379;20170107;    3;  -999;  -0.7;   0.1;   1.3;   3.0;eor
       3379;20170108;    3;  -999;  -0.2;   0.1;   1.2;   2.9;eor
       3379;20170109;    3;  -999;  -0.1;   0.2;   1.3;   2.8;eor
       3379;20170110;    3;  -999;   0.0;   0.4;   1.3;   2.8;eor
       3379;20170111;    3;  -999;   0.0;   0.4;   1.4;   2.8;eor
       3379;20170112;    3;  -999;   0.1;   0.4;   1.3;   2.7;eor
       3379;20170113;    3;  -999;   0.2;   0.5;   1.3;   2.6;eor
       3379;20170114;    3;  -999;   0.3;   0.7;   1.5;   2.7;eor
       3379;20170115;    3;  -999;   0.4;   0.8;   1.5;   2.7;eor
       3379;20170116;    3;  -999;   0.5;   0.8;   1.6;   2.7;eor
       3379;20170117;    3;  -999;   0.5;   0.9;   1.6;   2.7;eor
       3379;20170118;    3;  -999;   0.5;   0.8;   1.6;   2.7;eor
       3379;20170119;    3;  -999;   0.5;   0.8;   1.6;   2.7;eor
       3379;20170120;    3;  -999;   0.4;   0.8;   1.5;   2.7;eor
       3379;20170121;    3;  -999;   0.3;   0.7;   1.5;   2.6;eor
       3379;20170122;    3;  -999;   0.1;   0.5;   1.4;   2.6;eor
       3379;20170123;    3;  -999;  -0.2;   0.3;   1.2;   2.5;eor
       3379;20170124;    3;  -999;  -0.3;   0.2;   1.1;   2.4;eor
       3379;20170125;    3;  -999;  -0.3;   0.2;   1.0;   2.3;eor
       3379;20170126;    3;  -999;  -0.2;   0.2;   1.0;   2.2;eor
       3379;20170127;    3;  -999;  -0.4;   0.1;   0.9;   2.2;eor
       3379;20170128;    3;  -999;  -0.5;   0.0;   0.9;   2.1;eor
       3379;20170129;    3;  -999;  -0.5;   0.0;   0.8;   2.0;eor
       3379;20170130;    3;  -999;  -0.4;  -0.1;   0.8;   2.0;eor
       3379;20170131;    3;  -999;   0.0;   0.0;   0.7;   1.9;eor
       3379;20170201;    3;  -999;   0.1;   0.1;   0.7;   1.8;eor
       3379;20170202;    3;  -999;   1.5;   1.1;   1.1;   1.8;eor
       3379;20170203;    3;  -999;   1.9;   1.8;   1.7;   2.1;eor
       3379;20170204;    3;  -999;   3.2;   2.9;   2.5;   2.5;eor
       3379;20170205;    3;  -999;   2.4;   2.5;   2.6;   2.8;eor
       3379;20170206;    3;  -999;   2.1;   2.3;   2.5;   2.9;eor
       3379;20170207;    3;  -999;   3.0;   2.8;   2.7;   2.9;eor
       3379;20170208;    3;  -999;   2.2;   2.5;   2.8;   3.1;eor
       3379;20170209;    3;  -999;   0.9;   1.5;   2.3;   3.1;eor
       3379;20170210;    3;  -999;   0.9;   1.3;   2.0;   3.0;eor
       3379;20170211;    3;  -999;   1.2;   1.4;   2.0;   2.9;eor
       3379;20170212;    3;  -999;   0.5;   1.0;   1.9;   2.8;eor
       3379;20170213;    3;  -999;   0.8;   1.1;   1.8;   2.7;eor
       3379;20170214;    3;  -999;   1.0;   1.2;   1.7;   2.6;eor
       3379;20170215;    3;  -999;   1.4;   1.5;   1.9;   2.6;eor
       3379;20170216;    3;  -999;   2.5;   2.4;   2.3;   2.7;eor
       3379;20170217;    3;  -999;   3.1;   3.0;   2.9;   3.0;eor
       3379;20170218;    3;  -999;   3.5;   3.5;   3.3;   3.2;eor
       3379;20170219;    3;  -999;   3.0;   3.0;   3.1;   3.4;eor
       3379;20170220;    3;  -999;   4.7;   4.3;   3.7;   3.5;eor
       3379;20170221;    3;  -999;   6.2;   5.5;   4.6;   3.9;eor
       3379;20170222;    3;  -999;   7.3;   6.7;   5.6;   4.4;eor
       3379;20170223;    3;  -999;   6.8;   6.4;   5.7;   4.9;eor
       3379;20170224;    3;  -999;   5.4;   5.7;   5.7;   5.2;eor
       3379;20170225;    3;  -999;   4.1;   4.4;   4.8;   5.1;eor
       3379;20170226;    3;  -999;   4.2;   4.4;   4.6;   4.9;eor
       3379;20170227;    3;  -999;   5.3;   5.0;   4.7;   4.9;eor
       3379;20170228;    3;  -999;   3.3;   3.9;   4.7;   5.0;eor
       3379;20170301;    3;  -999;   3.5;   3.6;   4.0;   4.7;eor
       3379;20170302;    3;  -999;   5.8;   5.5;   4.9;   4.7;eor
       3379;20170303;    3;  -999;   4.5;   4.4;   4.6;   4.9;eor
       3379;20170304;    3;  -999;   5.9;   5.5;   5.1;   4.9;eor
       3379;20170305;    3;  -999;   6.5;   6.3;   5.8;   5.2;eor
       3379;20170306;    3;  -999;   5.6;   5.7;   5.7;   5.5;eor
       3379;20170307;    3;  -999;   4.9;   5.2;   5.5;   5.6;eor
       3379;20170308;    3;  -999;   5.1;   5.0;   5.1;   5.5;eor
       3379;20170309;    3;  -999;   7.4;   6.9;   6.1;   5.5;eor
       3379;20170310;    3;  -999;   6.0;   6.3;   6.3;   5.9;eor
       3379;20170311;    3;  -999;   5.4;   5.3;   5.5;   5.8;eor
       3379;20170312;    3;  -999;   5.6;   5.7;   5.8;   5.8;eor
       3379;20170313;    3;  -999;   5.8;   5.7;   5.7;   5.8;eor
       3379;20170314;    3;  -999;   7.0;   6.7;   6.2;   5.9;eor
       3379;20170315;    3;  -999;   7.6;   7.3;   6.8;   6.2;eor
       3379;20170316;    3;  -999;   8.3;   7.8;   7.0;   6.4;eor
       3379;20170317;    3;  -999;   9.6;   8.8;   7.7;   6.7;eor
       3379;20170318;    3;  -999;   7.8;   8.0;   8.0;   7.2;eor
       3379;20170319;    3;  -999;   9.5;   8.9;   8.0;   7.2;eor
       3379;20170320;    3;  -999;  10.5;  10.0;   8.9;   7.5;eor
       3379;20170321;    3;  -999;  10.7;  10.2;   9.2;   7.9;eor
       3379;20170322;    3;  -999;   9.0;   9.1;   9.0;   8.2;eor
       3379;20170323;    3;  -999;  11.4;  10.7;   9.4;   8.2;eor
       3379;20170324;    3;  -999;   8.1;   8.6;   9.0;   8.6;eor
       3379;20170325;    3;  -999;   9.9;   9.5;   8.9;   8.4;eor
       3379;20170326;    3;  -999;   9.6;   9.4;   9.0;   8.5;eor
       3379;20170327;    3;  -999;  10.2;   9.8;   9.2;   8.6;eor
       3379;20170328;    3;  -999;  11.9;  11.1;   9.9;   8.8;eor
       3379;20170329;    3;  -999;  13.8;  13.0;  11.2;   9.3;eor
       3379;20170330;    3;  -999;  14.5;  13.6;  11.9;   9.9;eor
       3379;20170331;    3;  -999;  15.4;  14.4;  12.6;  10.4;eor
       3379;20170401;    3;  -999;  15.3;  14.6;  13.2;  10.9;eor
       3379;20170402;    3;  -999;  15.5;  14.7;  13.3;  11.3;eor
       3379;20170403;    3;  -999;  13.5;  13.4;  13.1;  11.6;eor
       3379;20170404;    3;  -999;  11.5;  11.9;  12.2;  11.5;eor
       3379;20170405;    3;  -999;  10.7;  10.8;  11.0;  11.1;eor
       3379;20170406;    3;  -999;   9.0;   9.7;  10.5;  10.7;eor
       3379;20170407;    3;  -999;  10.1;   9.8;   9.9;  10.2;eor
       3379;20170408;    3;  -999;  13.8;  12.8;  11.2;  10.2;eor
       3379;20170409;    3;  -999;  15.9;  14.9;  12.9;  10.9;eor
       3379;20170410;    3;  -999;  16.5;  15.8;  14.1;  11.6;eor
       3379;20170411;    3;  -999;  14.2;  14.3;  13.9;  12.2;eor
       3379;20170412;    3;  -999;  14.6;  14.0;  13.1;  12.2;eor
       3379;20170413;    3;  -999;  13.3;  13.6;  13.5;  12.3;eor
       3379;20170414;    3;  -999;  12.4;  12.5;  12.5;  12.1;eor
       3379;20170415;    3;  -999;  12.3;  12.3;  12.3;  11.9;eor
       3379;20170416;    3;  -999;   9.7;  10.5;  11.4;  11.7;eor
       3379;20170417;    3;  -999;   8.2;   8.9;  10.1;  11.1;eor
       3379;20170418;    3;  -999;   5.3;   6.5;   8.5;  10.4;eor
       3379;20170419;    3;  -999;   5.5;   6.1;   7.5;   9.5;eor
       3379;20170420;    3;  -999;   6.0;   6.5;   7.5;   9.0;eor
       3379;20170421;    3;  -999;   8.6;   8.1;   8.0;   8.7;eor
       3379;20170422;    3;  -999;   8.0;   8.3;   8.7;   9.0;eor
       3379;20170423;    3;  -999;   8.6;   8.8;   8.9;   9.1;eor
       3379;20170424;    3;  -999;  11.5;  10.5;   9.4;   9.2;eor
       3379;20170425;    3;  -999;  11.2;  11.2;  10.8;   9.8;eor
       3379;20170426;    3;  -999;   7.2;   8.2;   9.5;  10.0;eor
       3379;20170427;    3;  -999;   5.9;   6.6;   7.9;   9.4;eor
       3379;20170428;    3;  -999;   3.6;   4.6;   6.5;   8.6;eor
       3379;20170429;    3;  -999;   8.5;   7.8;   7.2;   7.9;eor
       3379;20170430;    3;  -999;  11.1;  10.2;   9.0;   8.4;eor
       3379;20170501;    3;  -999;  10.0;  10.3;  10.2;   9.3;eor
       3379;20170502;    3;  -999;  11.2;  10.5;   9.8;   9.5;eor
       3379;20170503;    3;  -999;  12.3;  11.8;  10.9;   9.9;eor
       3379;20170504;    3;  -999;  12.7;  12.4;  11.6;  10.4;eor
       3379;20170505;    3;  -999;  13.3;  12.8;  11.9;  10.7;eor
       3379;20170506;    3;  -999;  16.3;  15.0;  12.9;  11.1;eor
       3379;20170507;    3;  -999;  12.9;  13.4;  13.5;  11.9;eor
       3379;20170508;    3;  -999;  11.3;  11.7;  12.2;  11.9;eor
       3379;20170509;    3;  -999;  11.1;  11.2;  11.4;  11.6;eor
       3379;20170510;    3;  -999;  13.9;  13.1;  12.0;  11.3;eor
       3379;20170511;    3;  -999;  17.1;  15.8;  13.8;  11.9;eor
       3379;20170512;    3;  -999;  18.9;  17.7;  15.6;  12.8;eor
       3379;20170513;    3;  -999;  19.1;  18.3;  16.4;  13.7;eor
       3379;20170514;    3;  -999;  17.1;  17.0;  16.3;  14.3;eor
       3379;20170515;    3;  -999;  16.8;  16.6;  15.8;  14.3;eor
       3379;20170516;    3;  -999;  17.7;  17.0;  15.8;  14.4;eor
       3379;20170517;    3;  -999;  20.7;  19.3;  17.1;  14.7;eor
       3379;20170518;    3;  -999;  23.1;  21.6;  18.9;  15.5;eor
       3379;20170519;    3;  -999;  20.4;  20.5;  19.6;  16.5;eor
       3379;20170520;    3;  -999;  16.7;  16.8;  17.1;  16.4;eor
       3379;20170521;    3;  -999;  18.1;  17.7;  17.0;  15.9;eor
       3379;20170522;    3;  -999;  21.2;  19.9;  18.0;  16.0;eor
       3379;20170523;    3;  -999;  22.4;  21.4;  19.5;  16.7;eor
       3379;20170524;    3;  -999;  20.7;  20.5;  19.7;  17.3;eor
       3379;20170525;    3;  -999;  20.4;  19.9;  18.9;  17.3;eor
       3379;20170526;    3;  -999;  22.2;  21.1;  19.4;  17.3;eor
       3379;20170527;    3;  -999;  23.8;  22.6;  20.5;  17.8;eor
       3379;20170528;    3;  -999;  24.8;  23.6;  21.4;  18.3;eor
       3379;20170529;    3;  -999;  26.3;  24.8;  22.3;  18.9;eor
       3379;20170530;    3;  -999;  27.0;  25.7;  23.3;  19.6;eor
       3379;20170531;    3;  -999;  25.6;  24.8;  23.3;  20.2;eor
       3379;20170601;    3;  -999;  25.3;  24.5;  23.0;  20.4;eor
       3379;20170602;    3;  -999;  24.3;  23.8;  22.8;  20.5;eor
       3379;20170603;    3;  -999;  26.5;  25.1;  23.1;  20.4;eor
       3379;20170604;    3;  -999;  19.9;  21.1;  22.0;  20.7;eor
       3379;20170605;    3;  -999;  19.1;  19.4;  19.9;  19.9;eor
       3379;20170606;    3;  -999;  16.6;  17.7;  18.9;  19.2;eor
       3379;20170607;    3;  -999;  15.4;  16.1;  17.2;  18.3;eor
       3379;20170608;    3;  -999;  18.2;  17.7;  17.4;  17.6;eor
       3379;20170609;    3;  -999;  20.4;  19.6;  18.7;  17.7;eor
       3379;20170610;    3;  -999;  21.5;  20.9;  19.8;  18.2;eor
       3379;20170611;    3;  -999;  24.0;  22.7;  20.8;  18.6;eor
       3379;20170612;    3;  -999;  23.0;  22.8;  21.8;  19.4;eor
       3379;20170613;    3;  -999;  24.5;  23.4;  21.7;  19.6;eor
       3379;20170614;    3;  -999;  24.5;  23.8;  22.4;  20.1;eor
       3379;20170615;    3;  -999;  26.7;  25.3;  23.2;  20.5;eor
       3379;20170616;    3;  -999;  25.7;  25.3;  24.0;  21.2;eor
       3379;20170617;    3;  -999;  24.3;  24.0;  23.2;  21.3;eor
       3379;20170618;    3;  -999;  25.2;  24.3;  23.1;  21.2;eor
       3379;20170619;    3;  -999;  26.5;  25.3;  23.6;  21.4;eor
       3379;20170620;    3;  -999;  27.7;  26.4;  24.6;  21.8;eor
       3379;20170621;    3;  -999;  28.5;  27.2;  25.2;  22.3;eor
       3379;20170622;    3;  -999;  29.8;  28.1;  25.9;  22.7;eor
       3379;20170623;    3;  -999;  28.9;  28.0;  26.4;  23.3;eor
       3379;20170624;    3;  -999;  27.2;  26.6;  25.6;  23.4;eor
       3379;20170625;    3;  -999;  22.8;  23.7;  24.3;  23.2;eor
       3379;20170626;    3;  -999;  25.8;  24.8;  23.6;  22.5;eor
       3379;20170627;    3;  -999;  25.2;  25.1;  24.4;  22.6;eor
       3379;20170628;    3;  -999;  24.5;  24.3;  23.9;  22.6;eor
       3379;20170629;    3;  -999;  20.8;  21.7;  22.7;  22.4;eor
       3379;20170630;    3;  -999;  21.3;  21.3;  21.5;  21.7;eor
       3379;20170701;    3;  -999;  22.2;  22.0;  21.7;  21.4;eor
       3379;20170702;    3;  -999;  18.8;  19.9;  21.1;  21.3;eor
       3379;20170703;    3;  -999;  21.0;  20.7;  20.5;  20.7;eor
       3379;20170704;    3;  -999;  22.2;  21.8;  21.2;  20.6;eor
       3379;20170705;    3;  -999;  25.3;  24.1;  22.4;  20.9;eor
       3379;20170706;    3;  -999;  27.8;  26.4;  24.2;  21.6;eor
       3379;20170707;    3;  -999;  27.0;  26.3;  25.0;  22.4;eor
       3379;20170708;    3;  -999;  26.2;  25.7;  24.8;  22.8;eor
       3379;20170709;    3;  -999;  24.8;  24.7;  24.3;  22.9;eor
       3379;20170710;    3;  -999;  24.0;  23.9;  23.6;  22.7;eor
       3379;20170711;    3;  -999;  23.5;  23.5;  23.3;  22.5;eor
       3379;20170712;    3;  -999;  22.4;  22.8;  23.0;  22.4;eor
       3379;20170713;    3;  -999;  23.3;  23.0;  22.6;  22.1;eor
       3379;20170714;    3;  -999;  20.7;  21.4;  22.2;  22.1;eor
       3379;20170715;    3;  -999;  19.0;  19.7;  20.8;  21.5;eor
       3379;20170716;    3;  -999;  21.7;  21.1;  20.8;  20.9;eor
       3379;20170717;    3;  -999;  24.7;  23.6;  22.2;  21.1;eor
       3379;20170718;    3;  -999;  27.5;  26.0;  24.0;  21.7;eor
       3379;20170719;    3;  -999;  29.1;  27.8;  25.7;  22.7;eor
       3379;20170720;    3;  -999;  25.9;  26.2;  25.8;  23.5;eor
       3379;20170721;    3;  -999;  25.6;  24.8;  24.1;  23.3;eor
       3379;20170722;    3;  -999;  26.4;  25.8;  24.7;  23.2;eor
       3379;20170723;    3;  -999;  22.2;  23.1;  23.9;  23.3;eor
       3379;20170724;    3;  -999;  18.8;  20.1;  21.7;  22.6;eor
       3379;20170725;    3;  -999;  16.6;  17.7;  19.5;  21.4;eor
       3379;20170726;    3;  -999;  14.5;  15.6;  17.6;  20.0;eor
       3379;20170727;    3;  -999;  17.1;  17.1;  17.5;  19.1;eor
       3379;20170728;    3;  -999;  18.1;  18.3;  18.5;  19.0;eor
       3379;20170729;    3;  -999;  22.4;  21.0;  19.6;  19.2;eor
       3379;20170730;    3;  -999;  25.0;  23.8;  22.0;  20.0;eor
       3379;20170731;    3;  -999;  25.1;  24.2;  23.0;  21.0;eor
       3379;20170801;    3;  -999;  27.4;  26.1;  24.0;  21.6;eor
       3379;20170802;    3;  -999;  26.1;  25.5;  24.6;  22.6;eor
       3379;20170803;    3;  -999;  26.3;  25.6;  24.6;  22.8;eor
       3379;20170804;    3;  -999;  27.0;  26.3;  25.1;  23.1;eor
       3379;20170805;    3;  -999;  27.8;  27.1;  25.7;  23.5;eor
       3379;20170806;    3;  -999;  21.0;  22.6;  24.1;  23.7;eor
       3379;20170807;    3;  -999;  21.6;  21.6;  22.0;  22.7;eor
       3379;20170808;    3;  -999;  23.6;  23.2;  22.7;  22.3;eor
       3379;20170809;    3;  -999;  22.3;  22.4;  22.6;  22.3;eor
       3379;20170810;    3;  -999;  18.1;  19.6;  21.3;  22.1;eor
       3379;20170811;    3;  -999;  15.3;  16.4;  18.5;  20.9;eor
       3379;20170812;    3;  -999;  16.9;  17.3;  18.3;  19.9;eor
       3379;20170813;    3;  -999;  20.9;  20.1;  19.4;  19.6;eor
       3379;20170814;    3;  -999;  22.3;  21.6;  20.7;  20.1;eor
       3379;20170815;    3;  -999;  24.4;  23.5;  22.1;  20.7;eor
       3379;20170816;    3;  -999;  23.1;  23.1;  22.7;  21.4;eor
       3379;20170817;    3;  -999;  23.9;  23.3;  22.6;  21.6;eor
       3379;20170818;    3;  -999;  25.4;  24.4;  23.6;  22.2;eor
       3379;20170819;    3;  -999;  20.1;  21.0;  22.4;  22.7;eor
       3379;20170820;    3;  -999;  20.0;  20.4;  21.1;  21.8;eor
       3379;20170821;    3;  -999;  19.7;  20.0;  20.6;  21.2;eor
       3379;20170822;    3;  -999;  20.7;  20.5;  20.5;  20.9;eor
       3379;20170823;    3;  -999;  22.9;  22.3;  21.6;  21.0;eor
       3379;20170824;    3;  -999;  25.2;  24.2;  22.9;  21.5;eor
       3379;20170825;    3;  -999;  25.4;  24.7;  23.6;  22.1;eor
       3379;20170826;    3;  -999;  26.6;  25.7;  24.4;  22.5;eor
       3379;20170827;    3;  -999;  24.3;  24.4;  24.2;  22.9;eor
       3379;20170828;    3;  -999;  23.1;  23.1;  23.0;  22.7;eor
       3379;20170829;    3;  -999;  25.1;  24.3;  23.4;  22.5;eor
       3379;20170830;    3;  -999;  26.0;  25.0;  24.0;  22.7;eor
       3379;20170831;    3;  -999;  22.2;  23.1;  23.8;  23.0;eor
       3379;20170901;    3;  -999;  16.6;  18.2;  20.4;  22.2;eor
       3379;20170902;    3;  -999;  15.3;  16.6;  18.5;  20.8;eor
       3379;20170903;    3;  -999;  15.6;  16.4;  17.8;  19.9;eor
       3379;20170904;    3;  -999;  16.6;  16.9;  17.7;  19.3;eor
       3379;20170905;    3;  -999;  18.3;  18.1;  18.4;  19.2;eor
       3379;20170906;    3;  -999;  18.4;  18.7;  19.0;  19.4;eor
       3379;20170907;    3;  -999;  17.1;  17.6;  18.4;  19.3;eor
       3379;20170908;    3;  -999;  18.1;  18.0;  18.3;  19.1;eor
       3379;20170909;    3;  -999;  16.4;  17.2;  18.2;  19.1;eor
       3379;20170910;    3;  -999;  15.0;  16.0;  17.3;  18.7;eor
       3379;20170911;    3;  -999;  14.8;  15.5;  16.6;  18.2;eor
       3379;20170912;    3;  -999;  13.8;  14.9;  16.3;  17.9;eor
       3379;20170913;    3;  -999;  13.6;  14.2;  15.5;  17.4;eor
       3379;20170914;    3;  -999;  12.6;  13.9;  15.5;  17.1;eor
       3379;20170915;    3;  -999;  13.4;  13.7;  14.6;  16.6;eor
       3379;20170916;    3;  -999;  12.7;  13.7;  15.0;  16.5;eor
       3379;20170917;    3;  -999;  12.7;  13.3;  14.4;  16.2;eor
       3379;20170918;    3;  -999;  12.9;  13.5;  14.5;  16.0;eor
       3379;20170919;    3;  -999;  12.2;  13.0;  14.3;  15.9;eor
       3379;20170920;    3;  -999;  12.3;  12.9;  14.0;  15.6;eor
       3379;20170921;    3;  -999;  13.9;  14.1;  14.4;  15.5;eor
       3379;20170922;    3;  -999;  12.9;  13.5;  14.4;  15.6;eor
       3379;20170923;    3;  -999;  15.1;  14.9;  14.9;  15.6;eor
       3379;20170924;    3;  -999;  15.8;  15.7;  15.7;  15.9;eor
       3379;20170925;    3;  -999;  14.7;  15.1;  15.6;  16.2;eor
       3379;20170926;    3;  -999;  16.1;  15.9;  15.8;  16.1;eor
       3379;20170927;    3;  -999;  16.8;  16.6;  16.4;  16.4;eor
       3379;20170928;    3;  -999;  16.3;  16.4;  16.5;  16.6;eor
       3379;20170929;    3;  -999;  17.2;  17.0;  16.7;  16.7;eor
       3379;20170930;    3;  -999;  17.7;  17.5;  17.2;  16.9;eor
       3379;20171001;    3;  -999;  15.1;  16.0;  16.8;  17.1;eor
       3379;20171002;    3;  -999;  14.5;  14.8;  15.6;  16.7;eor
       3379;20171003;    3;  -999;  14.0;  14.8;  15.7;  16.5;eor
       3379;20171004;    3;  -999;  12.6;  13.2;  14.5;  16.1;eor
       3379;20171005;    3;  -999;  13.7;  14.0;  14.6;  15.7;eor
       3379;20171006;    3;  -999;  10.9;  12.2;  14.0;  15.6;eor
       3379;20171007;    3;  -999;  10.9;  11.6;  13.0;  15.0;eor
       3379;20171008;    3;  -999;  10.4;  11.2;  12.7;  14.6;eor
       3379;20171009;    3;  -999;  11.5;  11.9;  12.7;  14.3;eor
       3379;20171010;    3;  -999;  11.6;  12.0;  12.8;  14.1;eor
       3379;20171011;    3;  -999;  12.9;  13.0;  13.3;  14.2;eor
       3379;20171012;    3;  -999;  11.9;  12.3;  13.2;  14.3;eor
       3379;20171013;    3;  -999;  12.8;  13.1;  13.4;  14.2;eor
       3379;20171014;    3;  -999;  13.2;  13.3;  13.6;  14.3;eor
       3379;20171015;    3;  -999;  13.7;  13.8;  14.0;  14.4;eor
       3379;20171016;    3;  -999;  14.4;  14.4;  14.4;  14.6;eor
       3379;20171017;    3;  -999;  14.0;  14.2;  14.5;  14.8;eor
       3379;20171018;    3;  -999;  14.0;  14.2;  14.5;  14.8;eor
       3379;20171019;    3;  -999;  13.3;  13.7;  14.2;  14.8;eor
       3379;20171020;    3;  -999;  14.0;  14.0;  14.2;  14.8;eor
       3379;20171021;    3;  -999;  14.7;  14.8;  14.9;  14.9;eor
       3379;20171022;    3;  -999;  11.1;  12.4;  13.8;  14.9;eor
       3379;20171023;    3;  -999;   9.2;  10.3;  12.2;  14.3;eor
       3379;20171024;    3;  -999;  10.5;  11.0;  11.9;  13.6;eor
       3379;20171025;    3;  -999;  11.3;  11.5;  12.1;  13.4;eor
       3379;20171026;    3;  -999;  12.7;  12.7;  12.8;  13.5;eor
       3379;20171027;    3;  -999;  10.7;  11.6;  12.7;  13.6;eor
       3379;20171028;    3;  -999;   8.3;   9.5;  11.2;  13.3;eor
       3379;20171029;    3;  -999;   7.5;   8.7;  10.5;  12.7;eor
       3379;20171030;    3;  -999;   5.7;   6.9;   9.1;  12.0;eor
       3379;20171031;    3;  -999;   5.2;   6.5;   8.4;  11.3;eor
       3379;20171101;    3;  -999;   6.3;   7.0;   8.4;  10.8;eor
       3379;20171102;    3;  -999;   7.9;   8.0;   8.7;  10.6;eor
       3379;20171103;    3;  -999;   9.1;   9.5;  10.0;  10.9;eor
       3379;20171104;    3;  -999;   7.7;   8.3;   9.3;  11.0;eor
       3379;20171105;    3;  -999;   7.2;   8.0;   9.2;  10.9;eor
       3379;20171106;    3;  -999;   6.4;   7.2;   8.7;  10.6;eor
       3379;20171107;    3;  -999;   6.5;   7.1;   8.3;  10.2;eor
       3379;20171108;    3;  -999;   6.2;   6.9;   8.1;  10.0;eor
       3379;20171109;    3;  -999;   7.0;   7.4;   8.3;   9.9;eor
       3379;20171110;    3;  -999;   6.4;   7.1;   8.3;   9.9;eor
       3379;20171111;    3;  -999;   6.4;   6.9;   8.0;   9.7;eor
       3379;20171112;    3;  -999;   6.4;   7.0;   8.0;   9.4;eor
       3379;20171113;    3;  -999;   4.5;   5.5;   7.1;   9.2;eor
       3379;20171114;    3;  -999;   3.3;   4.3;   6.2;   8.8;eor
       3379;20171115;    3;  -999;   3.7;   4.5;   6.0;   8.4;eor
       3379;20171116;    3;  -999;   2.7;   3.7;   5.6;   8.1;eor
       3379;20171117;    3;  -999;   3.6;   4.1;   5.4;   7.8;eor
       3379;20171118;    3;  -999;   4.2;   4.8;   5.8;   7.7;eor
       3379;20171119;    3;  -999;   3.5;   4.3;   5.7;   7.7;eor
       3379;20171120;    3;  -999;   3.3;   3.9;   5.3;   7.5;eor
       3379;20171121;    3;  -999;   5.3;   5.4;   5.8;   7.3;eor
       3379;20171122;    3;  -999;   4.9;   5.4;   6.2;   7.5;eor
       3379;20171123;    3;  -999;   4.3;   4.8;   5.8;   7.5;eor
       3379;20171124;    3;  -999;   6.4;   6.3;   6.5;   7.5;eor
       3379;20171125;    3;  -999;   5.6;   6.2;   6.9;   7.8;eor
       3379;20171126;    3;  -999;   2.9;   4.1;   5.8;   7.7;eor
       3379;20171127;    3;  -999;   2.5;   3.3;   4.9;   7.2;eor
       3379;20171128;    3;  -999;   3.6;   4.0;   5.0;   6.9;eor
       3379;20171129;    3;  -999;   3.8;   4.3;   5.2;   6.8;eor
       3379;20171130;    3;  -999;   2.2;   3.2;   4.8;   6.7;eor
       3379;20171201;    3;  -999;   1.2;   2.2;   4.0;   6.4;eor
       3379;20171202;    3;  -999;   1.0;   1.9;   3.5;   6.0;eor
       3379;20171203;    3;  -999;   0.9;   1.8;   3.3;   5.7;eor
       3379;20171204;    3;  -999;   1.1;   1.8;   3.2;   5.4;eor
       3379;20171205;    3;  -999;   2.5;   2.7;   3.5;   5.2;eor
       3379;20171206;    3;  -999;   2.2;   2.8;   3.8;   5.4;eor
       3379;20171207;    3;  -999;   1.7;   2.4;   3.6;   5.4;eor
       3379;20171208;    3;  -999;   2.2;   2.7;   3.6;   5.2;eor
       3379;20171209;    3;  -999;   0.7;   1.6;   3.2;   5.2;eor
       3379;20171210;    3;  -999;  -0.2;   0.8;   2.5;   4.8;eor
       3379;20171211;    3;  -999;   0.9;   1.3;   2.4;   4.5;eor
       3379;20171212;    3;  -999;   2.1;   2.5;   3.1;   4.5;eor
       3379;20171213;    3;  -999;   0.6;   1.4;   2.7;   4.5;eor
       3379;20171214;    3;  -999;   1.7;   2.0;   2.7;   4.3;eor
       3379;20171215;    3;  -999;   1.9;   2.3;   3.1;   4.4;eor
       3379;20171216;    3;  -999;   1.3;   1.8;   2.8;   4.4;eor
       3379;20171217;    3;  -999;   0.9;   1.5;   2.6;   4.3;eor
       3379;20171218;    3;  -999;   0.7;   1.3;   2.4;   4.2;eor
       3379;20171219;    3;  -999;   1.2;   1.6;   2.5;   4.1;eor
       3379;20171220;    3;  -999;   1.9;   2.1;   2.7;   4.1;eor
       3379;20171221;    3;  -999;   2.6;   2.7;   3.1;   4.2;eor
       3379;20171222;    3;  -999;   4.4;   4.1;   4.0;   4.4;eor
       3379;20171223;    3;  -999;   4.9;   4.9;   4.8;   4.9;eor
       3379;20171224;    3;  -999;   3.8;   4.2;   4.7;   5.2;eor
       3379;20171225;    3;  -999;   2.1;   2.9;   3.9;   5.2;eor
       3379;20171226;    3;  -999;   0.7;   1.6;   3.0;   4.8;eor
       3379;20171227;    3;  -999;   0.5;   1.3;   2.5;   4.4;eor
       3379;20171228;    3;  -999;   0.7;   1.3;   2.3;   4.1;eor
       3379;20171229;    3;  -999;   0.8;   1.3;   2.3;   3.9;eor
       3379;20171230;    3;  -999;   1.7;   1.7;   2.2;   3.7;eor
       3379;20171231;    3;  -999;   5.4;   5.0;   4.1;   3.9;eor
       3379;20180101;    3;  -999;   3.0;   3.4;   4.0;   4.6;eor
       3379;20180102;    3;  -999;   2.8;   3.1;   3.7;   4.6;eor
       3379;20180103;    3;  -999;   3.2;   3.3;   3.7;   4.5;eor
       3379;20180104;    3;  -999;   4.3;   4.0;   3.9;   4.5;eor
       3379;20180105;    3;  -999;   6.8;   6.2;   5.4;   4.9;eor
       3379;20180106;    3;  -999;   5.9;   6.1;   5.9;   5.5;eor
       3379;20180107;    3;  -999;   3.4;   3.9;   4.8;   5.6;eor
       3379;20180108;    3;  -999;   4.9;   4.9;   5.0;   5.4;eor
       3379;20180109;    3;  -999;   4.5;   4.8;   5.0;   5.5;eor
       3379;20180110;    3;  -999;   2.7;   3.3;   4.3;   5.4;eor
       3379;20180111;    3;  -999;   3.1;   3.4;   4.0;   5.2;eor
       3379;20180112;    3;  -999;   3.5;   3.8;   4.2;   5.1;eor
       3379;20180113;    3;  -999;   2.7;   3.3;   4.1;   5.1;eor
       3379;20180114;    3;  -999;   1.5;   2.2;   3.4;   4.9;eor
       3379;20180115;    3;  -999;   1.9;   2.2;   3.1;   4.5;eor
       3379;20180116;    3;  -999;   3.2;   3.3;   3.6;   4.5;eor
       3379;20180117;    3;  -999;   1.6;   2.3;   3.3;   4.5;eor
       3379;20180118;    3;  -999;   2.8;   2.7;   3.0;   4.2;eor
       3379;20180119;    3;  -999;   3.1;   3.4;   3.8;   4.3;eor
       3379;20180120;    3;  -999;   1.4;   2.0;   3.1;   4.3;eor
       3379;20180121;    3;  -999;   0.7;   1.4;   2.5;   4.0;eor
       3379;20180122;    3;  -999;   0.5;   1.0;   2.1;   3.7;eor
       3379;20180123;    3;  -999;   1.9;   1.9;   2.2;   3.3;eor
       3379;20180124;    3;  -999;   3.5;   3.3;   3.1;   3.6;eor
       3379;20180125;    3;  -999;   3.3;   3.3;   3.4;   3.9;eor
       3379;20180126;    3;  -999;   3.3;   3.5;   3.7;   4.2;eor
       3379;20180127;    3;  -999;   4.5;   4.2;   4.1;   4.3;eor
       3379;20180128;    3;  -999;   5.3;   5.1;   4.8;   4.6;eor
       3379;20180129;    3;  -999;   5.1;   4.9;   4.9;   4.9;eor
       3379;20180130;    3;  -999;   5.3;   5.3;   5.2;   5.2;eor
       3379;20180131;    3;  -999;   6.0;   5.7;   5.4;   5.3;eor
       3379;20180201;    3;  -999;   3.6;   4.4;   5.2;   5.6;eor
       3379;20180202;    3;  -999;   2.1;   2.7;   3.8;   5.1;eor
       3379;20180203;    3;  -999;   1.8;   2.3;   3.3;   4.7;eor
       3379;20180204;    3;  -999;   1.5;   2.1;   3.0;   4.4;eor
       3379;20180205;    3;  -999;   0.7;   1.4;   2.6;   4.2;eor
       3379;20180206;    3;  -999;   0.7;   1.3;   2.3;   3.8;eor
       3379;20180207;    3;  -999;   0.2;   0.9;   2.0;   3.6;eor
       3379;20180208;    3;  -999;   0.3;   0.8;   1.8;   3.4;eor
       3379;20180209;    3;  -999;   0.5;   1.0;   1.8;   3.2;eor
       3379;20180210;    3;  -999;   0.7;   1.0;   1.8;   3.2;eor
       3379;20180211;    3;  -999;   1.2;   1.4;   1.9;   3.1;eor
       3379;20180212;    3;  -999;   1.7;   1.9;   2.3;   3.1;eor
       3379;20180213;    3;  -999;   0.6;   1.2;   2.1;   3.3;eor
       3379;20180214;    3;  -999;  -0.3;   0.4;   1.6;   3.1;eor
       3379;20180215;    3;  -999;  -0.4;   0.2;   1.2;   2.8;eor
       3379;20180216;    3;  -999;   0.8;   0.8;   1.3;   2.6;eor
       3379;20180217;    3;  -999;   0.7;   1.1;   1.7;   2.7;eor
       3379;20180218;    3;  -999;   0.6;   0.9;   1.6;   2.7;eor
       3379;20180219;    3;  -999;   0.5;   0.9;   1.5;   2.6;eor
       3379;20180220;    3;  -999;   0.6;   0.9;   1.5;   2.6;eor
       3379;20180221;    3;  -999;   0.5;   0.8;   1.5;   2.5;eor
       3379;20180222;    3;  -999;   0.4;   0.7;   1.4;   2.5;eor
       3379;20180223;    3;  -999;   0.4;   0.7;   1.4;   2.5;eor
       3379;20180224;    3;  -999;   0.4;   0.7;   1.4;   2.4;eor
       3379;20180225;    3;  -999;   0.2;   0.6;   1.3;   2.4;eor
       3379;20180226;    3;  -999;  -0.6;   0.2;   1.1;   2.3;eor
       3379;20180227;    3;  -999;  -0.9;  -0.1;   0.8;   2.2;eor
       3379;20180228;    3;  -999;  -1.2;  -0.3;   0.7;   2.1;eor
       3379;20180301;    3;  -999;  -1.1;  -0.5;   0.5;   1.9;eor
       3379;20180302;    3;  -999;  -0.9;  -0.4;   0.4;   1.8;eor
       3379;20180303;    3;  -999;  -0.4;  -0.2;   0.4;   1.7;eor
       3379;20180304;    3;  -999;   0.0;  -0.1;   0.4;   1.7;eor
       3379;20180305;    3;  -999;   1.5;   0.1;   0.5;   1.6;eor
       3379;20180306;    3;  -999;   1.7;   1.4;   1.4;   1.9;eor
       3379;20180307;    3;  -999;   4.1;   3.5;   2.8;   2.4;eor
       3379;20180308;    3;  -999;   4.5;   4.0;   3.4;   2.9;eor
       3379;20180309;    3;  -999;   6.1;   5.3;   4.2;   3.4;eor
       3379;20180310;    3;  -999;   7.6;   6.7;   5.4;   4.0;eor
       3379;20180311;    3;  -999;   7.6;   7.0;   6.0;   4.7;eor
       3379;20180312;    3;  -999;   8.3;   7.8;   6.8;   5.2;eor
       3379;20180313;    3;  -999;   6.7;   6.6;   6.3;   5.6;eor
       3379;20180314;    3;  -999;   6.3;   6.4;   6.2;   5.7;eor
       3379;20180315;    3;  -999;   6.2;   5.9;   5.8;   5.6;eor
       3379;20180316;    3;  -999;   7.2;   7.0;   6.5;   5.8;eor
       3379;20180317;    3;  -999;   3.7;   4.6;   5.6;   5.9;eor
       3379;20180318;    3;  -999;   1.3;   2.4;   4.0;   5.4;eor
       3379;20180319;    3;  -999;   0.6;   1.5;   2.9;   4.7;eor
       3379;20180320;    3;  -999;   1.4;   1.8;   2.7;   4.1;eor
       3379;20180321;    3;  -999;   1.4;   1.9;   2.7;   3.9;eor
       3379;20180322;    3;  -999;   2.3;   2.5;   2.9;   3.8;eor
       3379;20180323;    3;  -999;   3.3;   3.2;   3.4;   3.9;eor
       3379;20180324;    3;  -999;   5.6;   5.0;   4.3;   4.1;eor
       3379;20180325;    3;  -999;   6.8;   6.0;   5.2;   4.5;eor
       3379;20180326;    3;  -999;   5.7;   5.7;   5.6;   5.1;eor
       3379;20180327;    3;  -999;   6.9;   6.4;   5.8;   5.3;eor
       3379;20180328;    3;  -999;   7.8;   7.1;   6.4;   5.6;eor
       3379;20180329;    3;  -999;   7.9;   7.7;   7.1;   6.1;eor
       3379;20180330;    3;  -999;   7.5;   7.1;   6.7;   6.3;eor
       3379;20180331;    3;  -999;   7.2;   7.2;   7.1;   6.5;eor
       3379;20180401;    3;  -999;   5.9;   6.2;   6.5;   6.5;eor
       3379;20180402;    3;  -999;   9.6;   8.3;   7.0;   6.4;eor
       3379;20180403;    3;  -999;  12.4;  11.0;   9.0;   7.1;eor
       3379;20180404;    3;  -999;  14.0;  12.7;  10.6;   8.0;eor
       3379;20180405;    3;  -999;  11.6;  11.4;  10.7;   8.8;eor
       3379;20180406;    3;  -999;  11.1;  10.7;  10.1;   8.9;eor
       3379;20180407;    3;  -999;  13.4;  12.2;  10.6;   9.1;eor
       3379;20180408;    3;  -999;  15.2;  13.8;  11.9;   9.6;eor
       3379;20180409;    3;  -999;  14.7;  13.9;  12.5;  10.3;eor
       3379;20180410;    3;  -999;  14.3;  13.6;  12.5;  10.6;eor
       3379;20180411;    3;  -999;  16.7;  15.2;  13.3;  10.9;eor
       3379;20180412;    3;  -999;  16.9;  15.8;  14.1;  11.5;eor
       3379;20180413;    3;  -999;  15.4;  15.0;  14.0;  11.9;eor
       3379;20180414;    3;  -999;  16.1;  15.2;  13.8;  12.0;eor
       3379;20180415;    3;  -999;  15.5;  15.0;  14.0;  12.2;eor
       3379;20180416;    1;  -999;  14.1;  14.2;  13.8;  12.4;eor
       3379;20180417;    1;  -999;  16.3;  15.3;  13.9;  12.3;eor
       3379;20180418;    1;  -999;  17.4;  16.3;  14.6;  12.6;eor
       3379;20180419;    1;  -999;  18.3;  17.3;  15.5;  13.0;eor
       3379;20180420;    1;  -999;  19.7;  18.4;  16.3;  13.6;eor
       3379;20180421;    1;  -999;  20.9;  19.6;  17.3;  14.2;eor
       3379;20180422;    1;  -999;  21.5;  20.2;  18.1;  14.8;eor
       3379;20180423;    1;  -999;  20.3;  19.6;  18.2;  15.4;eor
       3379;20180424;    1;  -999;  20.2;  19.5;  18.1;  15.5;eor
       3379;20180425;    1;  -999;  19.8;  19.0;  17.8;  15.7;eor
       3379;20180426;    1;  -999;  14.9;  15.9;  16.6;  15.7;eor
       3379;20180427;    1;  -999;  17.2;  16.3;  15.5;  14.9;eor
       3379;20180428;    1;  -999;  19.9;  18.8;  17.1;  15.0;eor
       3379;20180429;    1;  -999;  20.7;  19.5;  17.9;  15.5;eor
       3379;20180430;    1;  -999;  19.7;  19.3;  18.2;  16.0;eor
       3379;20180501;    1;  -999;  17.3;  17.4;  17.3;  16.1;eor
       3379;20180502;    1;  -999;  17.3;  17.1;  16.7;  15.8;eor
       3379;20180503;    1;  -999;  18.5;  17.8;  16.9;  15.6;eor
       3379;20180504;    1;  -999;  17.7;  17.5;  17.0;  15.7;eor
       3379;20180505;    1;  -999;  19.8;  18.8;  17.4;  15.7;eor
       3379;20180506;    1;  -999;  21.1;  19.9;  18.3;  16.1;eor
       3379;20180507;    1;  -999;  21.2;  20.1;  18.7;  16.5;eor
       3379;20180508;    1;  -999;  21.7;  20.6;  19.1;  16.9;eor
       3379;20180509;    1;  -999;  20.5;  20.0;  19.2;  17.2;eor
       3379;20180510;    1;  -999;  20.6;  19.7;  18.7;  17.2;eor
       3379;20180511;    1;  -999;  20.3;  19.7;  18.8;  17.2;eor
       3379;20180512;    1;  -999;  23.0;  21.5;  19.7;  17.4;eor
       3379;20180513;    1;  -999;  22.8;  22.0;  20.6;  17.9;eor
       3379;20180514;    1;  -999;  19.3;  19.6;  19.5;  18.1;eor
       3379;20180515;    1;  -999;  16.0;  16.9;  17.8;  17.7;eor
